@relation cpu

@attribute MYCT numeric
@attribute MMIN numeric
@attribute MMAX numeric
@attribute CACH numeric
@attribute CHMIN numeric
@attribute CHMAX numeric
@attribute class numeric

@data
12957.741917,256,6000,256,16,128,198
12909.847065,8000,32000,32,8,32,269
12673.358802,8000,32000,32,8,32,220
12259.86855,8000,32000,32,8,32,172
11687.792814,8000,16000,32,8,16,132
10982.217826,8000,32000,64,8,32,318
10174.648938,16000,32000,64,16,32,367
9302.687866,16000,32000,64,16,32,489
8409.581851,16000,64000,64,16,32,636
7543.35909,32000,64000,128,32,64,1144
6754.756947,1000,3000,0,1,2,38
6092.394121,512,3500,4,1,6,40
5593.518083,2000,8000,65,1,8,92
5271.457875,4000,16000,65,1,8,138
5107.038292,64,64,0,1,4,10
5052.817218,512,16000,0,4,32,35
5048.948169,524,2000,8,4,15,19
5039.633994,512,5000,0,7,32,28
4982.352743,1000,2000,0,5,16,31
4850.180592,5000,5000,142,8,64,120
4630.685398,1500,6300,0,5,32,30
4324.002225,3100,6200,0,5,20,33
3941.362397,2300,6200,0,6,64,61
3504.737081,3100,6200,0,6,64,76
3048.22937,128,6000,0,1,12,23
2621.676369,512,2000,4,1,3,69
2293.892091,256,6000,0,1,6,33
2141.32165,256,3000,4,1,3,27
2203.090765,512,5000,4,1,5,77
2443.00801,256,5000,4,1,6,27
2782.684225,1310,2620,131,12,24,274
3152.26859,1310,2620,131,12,24,368
3505.107359,2620,10480,30,12,24,32
3813.095623,2620,10480,30,12,24,63
4060.477106,5240,20970,30,12,24,106
4239.769112,5240,20970,30,12,24,208
4349.29462,500,2000,8,1,4,20
4391.570149,1000,4000,8,1,5,29
4372.11463,2000,8000,8,1,5,71
4298.473991,1000,4000,8,3,5,26
4179.380232,1000,8000,8,3,5,36
4024.026284,2000,16000,8,3,5,40
3841.467226,2000,16000,8,3,6,52
3640.167892,2000,16000,8,3,6,60
3427.712176,1000,12000,9,3,12,72
3210.673518,1000,8000,9,3,12,72
2994.622288,512,512,8,1,1,18
2784.219627,1000,5000,0,1,1,20
2583.326274,512,8000,4,1,5,40
2395.048423,512,8000,8,1,8,62
2221.659721,384,8000,0,1,1,24
2064.385098,256,2000,0,1,1,24
1923.104347,1000,16000,16,1,3,138
1796.107327,1000,8000,0,1,2,36
1680.06375,1000,4000,16,1,2,26
1570.319065,1000,12000,16,1,2,60
1461.505073,1000,8000,16,1,2,71
1348.33173,256,8000,0,1,4,12
1226.381832,256,8000,0,1,4,14
1092.779373,256,8000,0,1,4,20
946.708928,256,8000,0,1,4,16
789.908355,256,8000,0,1,4,22
627.536584,512,1000,0,8,20,36
470.668393,2000,8000,64,1,38,144
344.06372,2000,16000,64,1,38,144
296.976893,2000,16000,128,1,38,259
354.761666,256,1000,0,3,10,17
466.31354,256,2000,0,3,10,26
584.941961,1000,4000,0,3,24,32
689.590847,2000,4000,8,3,19,32
770.403949,2000,8000,8,3,24,62
822.441146,3000,8000,8,3,48,64
843.787537,256,2000,0,3,24,22
834.973395,768,3000,0,6,24,36
798.793092,768,3000,6,6,24,44
740.273706,768,12000,6,6,24,50
666.744296,768,4500,0,1,24,45
587.978763,384,12000,6,1,24,53
516.128667,192,768,6,6,24,36
464.275293,768,12000,6,1,31,84
441.605952,1000,3000,0,2,4,16
446.915,1000,4000,8,3,64,38
468.644525,1000,16000,8,2,112,38
492.412317,1000,2000,0,1,2,16
507.061256,1000,4000,0,3,6,22
506.2974,2000,4000,0,3,6,29
488.555741,2000,4000,0,4,8,40
456.975501,2000,4000,8,1,20,35
419.997196,2000,32000,32,1,20,134
391.916802,2000,8000,32,1,54,66
389.948932,2000,32000,32,1,54,141
423.940005,2000,32000,32,1,54,189
488.332435,2000,4000,8,1,20,22
568.354232,4000,16000,1,6,12,132
649.253074,4000,24000,64,12,16,237
719.431723,16000,32000,64,16,24,465
770.380673,16000,32000,64,8,24,465
796.209507,8000,32000,0,8,24,277
793.401405,8000,16000,0,8,16,185
760.772822,96,512,0,1,1,6
699.601814,1000,2000,0,1,5,24
614.036245,512,6000,16,1,6,45
512.246098,512,1500,0,1,1,7
409.664283,768,2000,0,1,1,13
336.088791,768,2000,0,1,1,16
333.171933,2000,4000,0,1,1,32
407.72578,4000,8000,0,1,1,32
522.660503,1000,1000,0,1,2,11
646.217779,512,1000,0,1,2,11
761.10789,1000,4000,4,1,2,18
857.776983,1000,4000,8,1,2,22
930.859476,2000,4000,0,3,6,37
977.906957,2000,4000,8,3,6,40
998.922483,2000,4000,8,3,6,34
996.116751,2000,8000,8,1,6,50
973.649143,2000,16000,16,1,6,76
937.215581,2000,16000,16,1,6,66
893.360042,1000,4000,2,3,6,24
848.411165,2000,12000,8,1,4,49
807.08776,2000,12000,16,3,5,66
771.141468,4000,16000,8,6,12,100
738.713447,4000,16000,32,6,12,133
704.92398,768,1000,0,0,0,12
663.546075,768,2000,0,0,0,18
609.159744,768,2000,0,0,0,20
539.548598,2000,4000,0,3,6,27
459.285477,2000,8000,8,3,6,45
387.376412,2000,8000,8,1,6,56
367.574101,2000,16000,24,1,6,70
442.957972,2000,16000,24,1,6,80
601.655529,8000,16000,48,1,10,136
808.840142,1000,8000,0,2,6,16
1040.728963,1000,8000,24,2,6,26
1282.24591,1000,8000,24,3,6,32
1522.234933,2000,16000,12,3,16,45
1751.609261,2000,16000,24,6,16,54
1962.868218,2000,16000,24,6,16,65
2150.103606,512,4000,0,8,128,30
2309.153021,2000,8000,16,1,3,50
2437.757453,2000,4000,2,1,5,40
2535.652399,2000,8000,32,1,6,62
2604.548425,2000,8000,32,1,6,60
2647.967751,2000,8000,4,1,6,50
2670.910469,4000,16000,16,1,6,66
2679.336718,4000,16000,32,1,6,86
2679.47873,2000,16000,64,5,8,74
2677.044754,4000,16000,64,5,8,93
2676.437852,4000,16000,64,5,10,111
2680.157252,4000,16000,64,8,16,143
2688.53816,2000,8000,16,6,8,105
2699.899382,8000,16000,32,8,16,214
2711.040596,8000,32000,64,8,24,277
2717.930866,8000,32000,64,8,24,370
2716.405292,16000,32000,128,16,32,510
2702.731849,4000,24000,32,8,24,214
2673.984303,8000,32000,64,8,24,326
2628.222031,16000,32000,256,16,24,510
2564.518381,1000,1000,0,1,4,8
2482.89822,1000,2000,0,1,6,12
2384.25067,1000,4000,0,1,6,17
2270.280972,2000,6000,0,1,8,21
2143.559181,2000,8000,0,1,8,24
2007.712795,4000,8000,0,1,8,34
1867.790177,4000,12000,0,1,8,42
1730.772652,4000,16000,0,1,8,46
1606.085501,4000,8000,32,16,32,51
1505.672363,4000,8000,32,16,32,116
1442.790478,8000,16000,64,4,8,100
1428.756037,8000,24000,160,4,8,140
1468.531997,4000,16000,128,16,32,212
1558.386295,1000,2000,0,1,2,25
1687.807629,1000,4000,0,1,4,30
1843.768913,2000,8000,64,1,5,41
2014.195594,512,4000,0,1,7,25
2189.610357,512,4000,0,4,7,50
2363.508495,1000,16000,1,1,8,50
2532.123587,512,4000,2,1,5,30
2693.891539,512,2000,2,3,8,32
2848.692201,1000,4000,8,1,14,38
2996.894966,1000,8000,16,1,14,60
3138.283011,2000,8000,32,1,13,109
3271.007514,512,1000,8,1,3,6
3390.768086,512,2000,8,1,5,11
3490.391993,2000,4000,8,3,8,22
3559.897598,2000,6000,16,6,16,33
3587.021511,2000,8000,16,4,14,58
3558.116096,4000,16000,32,4,12,130
3459.313749,4000,12000,8,6,8,75
3277.915091,4000,12000,32,6,12,113
3004.122438,8000,16000,64,12,24,188
2633.686727,8000,24000,32,8,16,173
2173.582422,8000,32000,64,12,16,248
1659.472683,8000,32000,128,24,32,405
1222.828035,2000,8000,32,5,28,70
1222.08854,2000,32000,24,6,26,114
1821.120982,2000,32000,48,26,52,208
2736.996933,2000,32000,112,52,104,307
3798.860401,4000,32000,112,52,104,397
4936.332693,8000,64000,96,12,176,915
6106.313017,8000,64000,128,12,176,1150
7273.06164,262,4000,0,1,3,12
8403.2814,512,4000,0,1,3,14
9465.190672,262,4000,0,1,3,18
10428.851291,512,4000,0,1,3,21
11266.933789,1000,8000,0,1,8,42
11955.616346,1000,8000,32,2,8,46
12475.476796,2000,8000,0,2,14,52
12812.298697,512,8000,32,0,0,67
